7.068566205457370386e-04 6.502447747133867752e-04 3.327530614977411210e-04 9.144575041232921864e-04 5.223912158002841973e-04 9.098370572319032816e-04 9.561430965501306395e-04 6.685155849510259363e-04 -7.977784372291350226e-04
6.706766365851707943e-04 4.780560158974274496e-04 6.888592460010414765e-04 7.132662296227741889e-04 9.674580173173653484e-04 7.305572019424935487e-05 2.867181180990885478e-04 9.457452354092641365e-04 -1.118457760381083647e-05
5.870348932664403666e-04 8.261747144080344067e-04 4.260689959301257367e-04 6.203955415579136788e-04 6.766460297535211116e-05 1.974952376509718239e-04 5.637121121869777653e-04 1.716481464361976070e-04 -4.165370598441805279e-04
7.816322359509578687e-04 2.103900393149549881e-04 4.111838019481980845e-04 1.360649891110443481e-04 1.509351859788472762e-05 1.034778077792040257e-04 2.539969276496089758e-05 2.028557250056062721e-04 -1.633209665516861288e-04
1.982869169751839001e-04 4.920314241021161430e-04 6.757562991538863546e-04 9.721176578197354679e-05 9.084646420163249719e-04 6.615726185265673404e-04 6.799132774631696076e-04 4.397072752857060247e-04 -6.277967961299290352e-04
1.279263803765944745e-04 2.676868586996301175e-04 8.584593318456267171e-04 8.011339087211922496e-04 6.394401177355164487e-04 5.101347338101875056e-04 3.216091417015280512e-04 4.226685184134475453e-04 -9.067059061799620685e-04
4.215721780432844833e-04 5.487853953445779280e-05 8.023917364368719427e-04 2.593944541599427027e-04 8.248889975763636041e-04 3.266127264897477505e-04 3.998913667109746666e-04 6.940745922705273633e-04 -4.325311478739820442e-04
9.061991710796110915e-04 3.215092777463971581e-04 7.547776615851521003e-04 6.345898534572174060e-04 1.827476884031988154e-04 1.571400359919938124e-04 4.639087856105939575e-04 4.312409064571982539e-04 -4.981134456091506051e-04
9.579065294699310200e-04 1.197286116617703492e-04 5.807270062969554277e-04 1.222955579574992887e-04 1.059075697093943394e-04 1.510493071755106644e-04 6.812448476841886967e-04 7.615386112290228795e-04 -1.945024920193195355e-04
6.274594232377222374e-04 7.783116201362278060e-04 6.535090576984225715e-04 5.161002230492528096e-04 8.896216229028432914e-04 7.251111615104928769e-04 3.352862503966066218e-04 8.739517871524519251e-04 -5.847580513424807235e-04
3.940688171191546966e-04 2.100411499946520379e-04 4.513264399563112861e-04 2.904800106026983225e-04 9.201820553224629396e-04 5.776673845771931404e-04 4.206076750552191143e-04 7.929454070831604259e-05 -3.851922888438270246e-04
3.452952537825947315e-04 5.563684258736345447e-04 2.036242148817043226e-04 6.273079903634744053e-04 2.773869761743384625e-05 8.607478096288723310e-04 4.504068665875483402e-04 6.149505421576673516e-04 -4.509338796018637179e-04
6.749944597002841820e-04 4.191429177942296736e-04 7.563164239321674065e-04 6.659996666823155996e-04 7.939735352239715976e-04 2.779113666910347849e-04 6.007612580143196568e-04 1.597209031005040699e-04 -7.521962332293569489e-04
2.080254451584293257e-04 8.988834180475613637e-04 9.151999329646090010e-04 8.087910611296897454e-04 1.085536105133893300e-04 7.188569284962007455e-04 7.069166720122717091e-04 9.653238411995016845e-04 -5.521672858863633029e-04
5.317192087058310963e-04 8.479433360518726179e-04 7.029729924990370075e-05 8.751570675305685902e-04 2.626052642072764629e-05 8.334467483595739109e-04 4.308893000322357647e-04 8.829448836465180264e-04 -7.203405448776695457e-04
8.664698926983743429e-04 3.663925204318888799e-04 2.922274862789787871e-05 5.994084413715012553e-04 5.610978513640214752e-04 6.741615061110931917e-04 9.689973537035195773e-04 6.444213491791798759e-04 7.856444562220619749e-05
