2.640747147725384047e-04 2.434413501582314668e-05 6.586182092038856892e-04 6.203316502044334876e-04 6.412340421772551443e-04 5.365504107902862316e-04 1.634115033897883473e-04 2.338377554620473615e-04 4.262887733173506750e-04 7.556604338259903346e-04 2.856463729226391894e-04 1.634184041717166023e-04 2.226402354636057221e-04 5.364644937766526551e-04 1.559375456834696100e-04 4.667443685562585394e-04 -4.871509068139764920e-02
1.733193097547403971e-04 6.695351824067774732e-04 4.278749673132064397e-04 8.961617588957745918e-04 8.651844410450183938e-04 4.615256710164659807e-04 1.304564257292615355e-04 1.369838784019510567e-04 5.141296005267406363e-04 4.494092837279356836e-04 8.275613943752158476e-04 1.290298691615158114e-05 9.391126043528450883e-04 9.998945974405630370e-04 7.956236852991164675e-04 1.506657187639345689e-04 -6.204874980589724504e-02
9.142000924692533868e-04 7.620928614945107326e-04 2.087726843712688359e-05 5.240941979856185819e-05 3.014920299184881440e-04 7.276152543693426792e-04 4.496379214149806287e-04 6.434595912774332448e-04 7.458543823155656038e-04 1.837477934366051285e-04 4.745457375108990761e-04 8.051084330919177062e-04 9.705098694069377602e-04 3.422439607078469302e-04 9.389420317460418948e-04 1.319841124187201141e-04 -3.909681278426128254e-02
6.721357752358708606e-04 2.159573256446857428e-04 5.775510154393283507e-04 8.261404327090790187e-04 5.619928763904102572e-05 8.908649552402334850e-04 4.236473318735584922e-05 8.022410156721251429e-04 1.926968644103459343e-05 3.409822907963411991e-04 4.455720128783628004e-04 9.438425150413963256e-04 3.922063531337647755e-04 1.957188184041593277e-04 2.437892016876684988e-04 3.113454762944649497e-04 -3.641378368979237418e-02
5.796253800428037128e-04 6.830946628832872992e-04 4.636583601464802770e-04 -6.582651824526706512e-06 4.174861274710145453e-04 3.382414849910403052e-04 2.493744362554672586e-04 7.337310533074513884e-04 2.517410525257295214e-04 7.131646582793721651e-04 2.648971521445411012e-04 1.537990263364332605e-04 8.499102962738328861e-04 8.600420486631370947e-04 6.502771352845479903e-04 1.014206113884333035e-04 -5.870892778958927694e-02
3.459040738301551112e-04 3.114369851151794848e-04 6.862494837008146402e-04 7.376063401873311299e-04 4.847744041305604955e-04 5.613806569592221527e-04 8.833525157177447764e-04 9.618676926623257286e-05 2.615104073096867466e-04 1.918286195325923083e-04 9.893084047495690880e-04 5.955607857658014618e-04 9.155145003244292154e-04 1.051767225235289324e-04 6.999625818918387950e-04 1.645869408192702132e-05 -7.238179399436571460e-02
5.159709694440292116e-04 6.978984359473943864e-05 7.506906307023928021e-04 6.412682669913504288e-04 3.358251124483195810e-04 3.615041501445155408e-04 7.682816449691526285e-04 6.956478324728964464e-05 2.021965916618772202e-05 9.740061274958379143e-04 6.508809404689974406e-04 6.469611659332520984e-04 9.336322529251721205e-04 2.358685280025458997e-04 1.367406059349495092e-04 6.196588369455611773e-04 -8.308014475492701834e-02
5.668854820223265039e-04 2.395312029479463656e-04 1.397645677595905206e-04 5.573509482739556374e-04 6.953591292609969743e-04 7.671747877479115222e-04 6.737023665560536124e-04 8.775824699531036823e-04 7.548711673473850305e-04 6.976202239879205833e-04 3.724473441304934499e-04 9.132481837911692090e-04 3.096907816387558339e-04 9.815243281771622065e-04 7.242089656739887464e-04 5.029883691586720584e-04 -4.856371416709671235e-02
7.071595040489103137e-04 8.151545520878137338e-04 4.510365333219921286e-04 1.794700669520151137e-05 7.934313834005918059e-04 2.094737224658673553e-04 1.053780634736786308e-04 9.263052357476377085e-05 8.997570866444062136e-06 1.570675582518336953e-04 4.876409118536509228e-04 3.233890054337175933e-04 5.531245432532393754e-04 8.955413528144984519e-04 5.570741317044783369e-04 9.126904896866023208e-04 -6.873604941080486974e-02
4.609920156509374352e-04 1.880588507259071539e-04 3.453184826277336250e-04 1.763768890758374264e-04 6.960464307741424548e-04 1.659670762606993801e-04 2.059841746906513065e-04 2.144579327745649820e-04 4.662016985125178102e-04 8.677976837742151046e-04 2.542279350362198283e-04 1.416087920592593499e-05 1.785515272953314136e-04 8.949665816442692844e-04 6.255970125674108510e-04 3.545453449135396794e-04 -4.853636442797806816e-02
1.922105712600111693e-04 2.150795304618196440e-04 3.847583994224409412e-04 4.665938328058116271e-04 9.650220767626040358e-04 5.854610181538777176e-04 4.020798925686041615e-04 9.594140909459494609e-04 2.545184554959582443e-04 3.189241464789666493e-04 3.097649660880626545e-04 7.689097276604061259e-04 9.626295168486970893e-04 7.047950728883314690e-04 3.644609305302659499e-04 2.223959758207021977e-04 -6.794726552642475770e-02
8.094458447842677127e-04 7.889909392085571113e-04 2.423504302541860207e-04 5.491924274364409471e-04 2.256369858198843626e-04 1.012568464951484146e-03 6.089905388925911500e-04 8.447935147980732435e-04 7.060436158567036900e-04 2.950732753004052739e-04 1.734472101126687676e-04 7.805445431339248655e-04 5.732925085899853246e-04 4.123788599089590629e-04 4.599673056624272631e-04 9.071954862263205627e-04 -6.686683165293688669e-02
4.948898740004205234e-04 7.420828135927086400e-04 3.805843583409223652e-04 3.173026310505234061e-04 6.003483692451418467e-04 8.547639198741553918e-04 2.754510597174884032e-04 3.863238650134722221e-05 7.029455454674305142e-04 1.966824857411040217e-04 7.821490349958700209e-05 6.095358370238469596e-05 3.789743548784103703e-04 6.475218832327213044e-04 3.441702378706746343e-04 7.259984907600522223e-04 -6.817660851583491610e-02
2.130579754877862271e-04 2.962253695632271924e-04 1.467399028605748286e-04 3.547571224607693136e-04 4.114604785529972454e-04 8.875218770956005239e-04 1.117702159745674628e-04 6.329981180346979687e-04 7.068665347186745083e-04 9.597995678801808173e-04 6.890703326775746845e-04 8.413460146748516976e-04 2.821131193198926309e-04 5.564675204252621807e-04 2.973967198126918838e-04 9.638192704333731599e-05 -5.511545246641631757e-02
3.487810450349190924e-04 4.492648674804487481e-04 5.974574747905004495e-04 4.852248974031973003e-04 5.566206261909391285e-04 4.238471873080971834e-04 8.587943826046370637e-04 2.310414419329765681e-04 3.970366841981061825e-04 6.725308943723341815e-04 5.251251958921918561e-05 2.227162438847668199e-04 1.520860740826373572e-04 6.295618439476577963e-04 6.919158264615105341e-04 2.017738910598691543e-04 -6.299721323237707227e-02
6.460748505495369511e-05 9.020869639244831701e-04 7.037456441349478325e-04 7.328506462496691808e-04 1.587342462909103840e-04 4.047239281465483951e-04 7.216288507320917436e-04 4.910105668074742774e-04 8.832066449804534727e-04 7.682471819055976866e-04 6.851872304083610893e-04 7.515804460765222478e-04 6.771833830652477463e-04 6.953028609289324926e-04 3.502666475163355910e-04 4.133082245060379811e-04 -4.377875978071012891e-02
2.484005774322313367e-04 6.761364603982284718e-04 8.551341736066918634e-04 3.727317873571413514e-04 3.592530063553219465e-04 3.738017551371716459e-04 7.828402109430934296e-04 1.581593242856525316e-04 3.206340438771737382e-04 4.701000854498517184e-04 7.120986099086989421e-04 4.494230729068234920e-04 7.606671840651978980e-04 5.461223173012490911e-04 5.178967168270545316e-04 6.201982076344846658e-04 -4.802877906562904448e-02
8.729163851367440592e-04 4.982257648030723619e-04 9.804512301526956163e-05 1.313703628491749795e-04 8.111833903672082194e-04 1.385070942038269567e-04 6.067867763515756921e-04 2.877463456983828829e-05 9.834029184840453047e-04 9.775049811985132313e-06 8.701188685885187296e-04 2.622840408141159738e-04 5.929567871521447412e-04 1.422924319077493917e-04 5.325130890092844016e-04 4.987244188007854779e-04 -5.326637419907345739e-02
3.378731233562836116e-04 3.334702279537739029e-04 8.058766458235129478e-06 8.709858255016157506e-04 6.711993734685735942e-04 1.930499217435637871e-04 1.545884734324845316e-04 6.489658203526188886e-04 6.748476638991711104e-04 8.842004303649749104e-04 4.397259336499825984e-04 6.485741052273645427e-04 7.244703022648794205e-04 2.252614900957512105e-04 6.293562139057451909e-04 7.455734021855292635e-04 -6.319385829506531105e-02
8.149054875821855554e-04 5.667721397870899985e-04 9.938325952214904172e-04 8.644590248268477564e-04 4.779835146004524950e-05 3.895872893868443441e-04 4.398758679116152428e-04 2.369575959466862472e-04 7.993563448622964702e-04 6.501210876295191246e-04 4.784733513389842572e-04 7.684231873587735271e-04 8.646859889371263279e-04 5.157932846885363758e-04 5.598214172894272478e-04 3.184063000218801971e-04 -8.044209400759858020e-02
4.539019154443115996e-04 2.136452012585054040e-04 2.565631956945310719e-04 8.238110014214500656e-05 1.902726822916999555e-04 2.717210561882302255e-04 9.624639637321310897e-04 3.302252280025223699e-04 2.845215488573214985e-04 9.100658467528902930e-04 4.379883248802800624e-04 6.312719822644260277e-04 6.941229143610068647e-04 4.876796311324513452e-04 7.921835880587444010e-04 3.846880190807908215e-04 -6.075697531841176696e-02
7.075173134412335351e-04 2.263474156188734302e-05 9.472851721684993681e-04 6.485381174885409671e-04 1.051483551758960219e-04 6.803116374347120687e-04 2.354205391486811029e-05 2.600177160785798153e-04 8.643118316683586237e-04 1.997366844998683803e-04 9.558389912296013074e-04 2.083132733716129537e-04 7.053808132081274907e-04 8.932333232378465411e-04 4.878369410540643277e-04 2.527259494485647757e-04 -5.009121141774501573e-02
2.669816510735940830e-04 5.667090177202426839e-04 9.940294245241831743e-04 5.488675525378638531e-04 1.616883569208543638e-04 2.689784244491798628e-04 1.310175240320440046e-04 5.574375362852548475e-04 1.234897384337121466e-05 2.794475395131756131e-04 1.604900282686687947e-04 2.794264643200886078e-04 4.046122653631817811e-04 7.776256713972121821e-05 3.666082894048020816e-04 2.903964199113093399e-04 -6.431787924157518488e-02
8.925334077771666756e-04 7.907089533593042539e-04 1.735894485045502927e-04 5.469591258374593415e-04 1.130025645730452693e-04 4.628837160174008401e-04 4.790060961354636044e-04 7.592326205116016122e-04 5.337457807804035130e-04 7.868565254579304794e-04 1.153506628648384296e-04 4.659050413614620583e-05 6.442269251964329426e-04 2.428321027403626672e-04 3.781294727555066146e-04 2.323292075026129428e-04 -7.336507926061956730e-02
2.454611669225914040e-04 8.300543113305168053e-04 5.402085854020137858e-04 2.629274348347033856e-04 8.344514954566926513e-04 5.982253987204102439e-05 7.276553212692313906e-04 7.048787084700139198e-04 4.756528667056977356e-04 2.111304956718043212e-04 5.624267037806330400e-04 8.734471492947802748e-04 1.157792258840583560e-04 7.825938169164051205e-04 3.850889911693157952e-04 8.656326565603443633e-04 -5.169247764700728165e-02
7.302632046681378905e-04 5.872989410263317143e-04 1.864485127238585968e-04 8.172031106899337903e-06 2.294470291224043584e-04 3.290545212107975686e-04 3.069503934344168885e-04 3.624599739648273885e-04 5.175696952352868254e-04 9.747552483755365016e-04 6.987384120624542169e-04 9.482607249868148626e-04 9.776350698374263425e-04 5.100472648390361359e-04 3.979155523495620721e-04 -1.120309517670801262e-05 -6.757619749835516720e-02
1.581427019307147293e-04 9.510990546017710845e-04 7.426508478577237803e-05 7.697419091748787219e-04 1.617376817812115581e-05 6.464224319828630128e-04 1.104534658398938874e-06 5.716818942644845023e-04 9.847210214210707073e-05 8.866147726407305621e-04 6.577890494484768752e-04 6.166151922348791017e-04 6.956941990436489240e-04 9.791035152475844466e-04 6.250430067696521527e-04 5.031047171167238449e-04 -6.674344587276248575e-02
4.031153983953661272e-04 2.312552059206924248e-04 2.017406323056930779e-04 8.239279432150154380e-04 1.951591440466873720e-04 7.908907065053954587e-04 4.486755482690228973e-04 9.737763394263663900e-05 5.069841682264885491e-04 1.564254563923802961e-05 6.774387372645854699e-04 6.538401712918185532e-04 4.276501193153735671e-04 5.125383035225819506e-04 2.324681817114824470e-04 4.400456109107670989e-06 -5.137817751407501576e-02
8.091494597752083582e-04 2.836792871679672001e-04 2.159403212762346972e-04 5.789364509447719222e-04 7.027179630286697768e-04 2.207866287873854914e-04 9.370514150361408147e-04 2.666486434229559999e-04 4.986580620069372589e-04 6.426739743633143071e-05 7.703404866263183432e-05 8.223437693689744643e-04 9.279845063276889478e-04 7.955359552168224076e-04 9.715959698535760409e-04 2.058586585458183071e-04 -7.757999039737420444e-02
3.705805643719046441e-04 9.503084190365016469e-04 1.272672756653893866e-04 5.433520522428814462e-04 2.741769656992281020e-04 3.675491874050974632e-04 8.430311579893365109e-04 4.480083640510084254e-04 7.539364816886993167e-04 9.580979152611103760e-04 7.330976455245562717e-04 4.142143543303051568e-04 8.647788467017081693e-04 5.284660649584106175e-04 4.121281133742176698e-04 6.360632068158596567e-04 -6.714965722223241451e-02
1.001499988311612983e-03 -3.065236942331866094e-05 3.843756722098737614e-04 6.532694759078075701e-04 2.068298292549437464e-04 1.024347400735371423e-03 6.982578524420480267e-04 6.073250499894352564e-04 7.942729198558113679e-05 6.095139422487847510e-04 1.207882245345491936e-04 3.711867698713223253e-05 2.703462061049628795e-04 3.364319226862644611e-04 1.282081205691262057e-04 6.055599313825501661e-04 -7.040995841189773286e-02
8.160992988404213019e-04 4.337108628426752585e-04 2.896327900524425293e-04 1.832359233875193501e-05 1.061234246297699586e-04 9.865022588017287406e-04 9.740407165001222726e-04 2.719378181968408275e-04 6.358607165012340225e-04 3.204845219949004325e-04 6.112282207739834418e-05 9.228703296863542856e-04 4.997915376202064636e-04 4.636384013214075788e-04 1.889434759855255746e-05 1.672458305075732511e-04 -5.679173604523644892e-02
